,year,inflation_adjusted,total,Date
0,2023,1.0608,1.0693000000000001,2023-01-01
1,2022,0.7561,0.8049,2022-01-01
2,2021,1.1741,1.2567,2021-01-01
3,2020,1.194,1.2103,2020-01-01
4,2019,1.2775,1.3067000000000002,2019-01-01
5,2018,0.9301,0.9479000000000001,2018-01-01
6,2017,1.1871,1.2121000000000002,2017-01-01
7,2016,1.1053,1.1283,2016-01-01
8,2015,0.9963,1.0036,2015-01-01
9,2014,1.117,1.1254,2014-01-01
10,2013,1.3148,1.3344999999999998,2013-01-01
11,2012,1.1446,1.1645,2012-01-01
12,2011,0.9806,1.0097,2011-01-01
13,2010,1.1569,1.1742,2010-01-01
14,2009,1.2548000000000001,1.2889,2009-01-01
15,2008,0.6296,0.6302,2008-01-01
16,2007,1.0124,1.0537,2007-01-01
17,2006,1.1283,1.1569,2006-01-01
18,2005,1.028,1.0631,2005-01-01
19,2004,1.0923,1.1279,2004-01-01
20,2003,1.2834,1.3075,2003-01-01
21,2002,0.7768,0.7953,2002-01-01
22,2001,0.8767,0.8903,2001-01-01
23,2000,0.865,0.8943000000000001,2000-01-01
24,1999,1.2058,1.2381,1999-01-01
25,1998,1.2131,1.2326000000000001,1998-01-01
26,1997,1.288,1.3099,1997-01-01
27,1996,1.1706999999999999,1.2096,1996-01-01
28,1995,1.3242000000000003,1.3578999999999999,1995-01-01
29,1994,0.9723,0.9983,1994-01-01
30,1993,1.0767,1.1062,1993-01-01
31,1992,1.0603,1.0911,1992-01-01
32,1991,1.2846000000000002,1.3238999999999999,1991-01-01
33,1990,0.8852,0.9392,1990-01-01
34,1989,1.2243000000000002,1.2812000000000001,1989-01-01
35,1988,1.1235,1.1732,1988-01-01
36,1987,0.9826,1.0261,1987-01-01
37,1986,1.1333,1.1457,1986-01-01
38,1985,1.2647,1.3127000000000002,1985-01-01
39,1984,0.983,1.0219,1984-01-01
40,1983,1.1818,1.2266,1983-01-01
41,1982,1.1604999999999999,1.205,1982-01-01
42,1981,0.88,0.9584999999999999,1981-01-01
43,1980,1.1834,1.3315000000000001,1980-01-01
44,1979,1.0967,1.2425,1979-01-01
45,1978,0.9948,1.0845,1978-01-01
46,1977,0.9057,0.9664,1977-01-01
47,1976,1.206,1.2647,1976-01-01
48,1975,1.2888,1.3781999999999999,1975-01-01
49,1974,0.6426,0.7219,1974-01-01
50,1973,0.7526,0.8181999999999999,1973-01-01
51,1972,1.1375,1.1762000000000001,1972-01-01
52,1971,1.1391,1.1763,1971-01-01
53,1970,0.9926,1.0479,1970-01-01
54,1969,0.8448,0.8972,1969-01-01
55,1968,1.0828,1.1339,1968-01-01
56,1967,1.2363,1.2739,1967-01-01
57,1966,0.8822,0.9127,1966-01-01
58,1965,1.1203999999999998,1.1420000000000001,1965-01-01
59,1964,1.1528,1.1640000000000001,1964-01-01
60,1963,1.1919,1.2115,1963-01-01
61,1962,0.8919,0.9037999999999999,1962-01-01
62,1961,1.261,1.2694,1961-01-01
63,1960,0.9956999999999999,1.0092,1960-01-01
64,1959,1.1086,1.1278,1959-01-01
65,1958,1.4231,1.4481,1958-01-01
66,1957,0.8753,0.9007,1957-01-01
67,1956,1.0536,1.0851,1956-01-01
68,1955,1.2525,1.2572,1955-01-01
69,1954,1.5171000000000001,1.5059,1954-01-01
70,1953,0.9991,1.0066,1953-01-01
71,1952,1.1276000000000002,1.1362,1952-01-01
72,1951,1.1391,1.2075,1951-01-01
73,1950,1.2303,1.3033,1950-01-01
74,1949,1.2251,1.1997,1949-01-01
75,1948,0.9939,1.0236,1948-01-01
76,1947,0.9541,1.0384,1947-01-01
77,1946,0.7934,0.9373,1946-01-01
78,1945,1.3518000000000001,1.3822,1945-01-01
79,1944,1.1851,1.2123,1944-01-01
80,1943,1.2422,1.2790000000000001,1943-01-01
81,1942,1.0705,1.1672,1942-01-01
82,1941,0.8179,0.8991,1941-01-01
83,1940,0.9218000000000001,0.9284,1940-01-01
84,1939,1.0232999999999999,1.0232999999999999,1939-01-01
85,1938,1.3205,1.2838,1938-01-01
86,1937,0.6334000000000001,0.6515000000000001,1937-01-01
87,1936,1.3174000000000001,1.3365,1936-01-01
88,1935,1.4205,1.4628999999999999,1935-01-01
89,1934,1.0078,1.0231000000000001,1934-01-01
90,1933,1.5599,1.5718,1933-01-01
91,1932,1.0181,0.9135,1932-01-01
92,1931,0.6162,0.5588000000000001,1931-01-01
93,1930,0.7654,0.7165,1930-01-01
94,1929,0.8819,0.887,1929-01-01
95,1928,1.403,1.3868,1928-01-01
96,1927,1.3640999999999999,1.3333,1927-01-01
97,1926,1.1272,1.1146,1926-01-01
98,1925,1.2156,1.2578,1925-01-01
99,1924,1.2703,1.2703,1924-01-01
100,1923,1.0293999999999999,1.0537999999999998,1923-01-01
101,1922,1.3209,1.2904,1922-01-01
102,1921,1.2346000000000001,1.1009,1921-01-01
103,1920,0.8378,0.8599,1920-01-01
104,1919,1.0443,1.1962000000000002,1919-01-01
105,1918,0.9811,1.1816,1918-01-01
106,1917,0.6888,0.8134999999999999,1917-01-01
107,1916,0.9594,1.0805,1916-01-01
108,1915,1.2861000000000002,1.3115999999999999,1915-01-01
109,1914,0.9361,0.9454,1914-01-01
110,1913,0.9237000000000001,0.9523,1913-01-01
111,1912,0.9982,1.0712000000000002,1912-01-01
112,1911,1.0565,1.0347,1911-01-01
113,1910,1.0452,0.9656,1910-01-01
114,1909,1.0505,1.1609,1909-01-01
115,1908,1.3495,1.3943,1908-01-01
116,1907,0.7742,0.7576999999999999,1907-01-01
117,1906,0.9531999999999999,1.006,1906-01-01
118,1905,1.2124,1.2123,1905-01-01
119,1904,1.262,1.3212000000000002,1904-01-01
120,1903,0.8768,0.8286,1903-01-01
121,1902,1.0102,1.0821,1902-01-01
122,1901,1.1373,1.194,1901-01-01
123,1900,1.2534,1.2075,1900-01-01
124,1899,0.887,1.0364,1899-01-01
125,1898,1.2731999999999999,1.2923,1898-01-01
126,1897,1.2031,1.2031,1897-01-01
127,1896,1.0473999999999999,1.032,1896-01-01
128,1895,1.02,1.0495,1895-01-01
129,1894,1.1098999999999999,1.0358,1894-01-01
130,1893,0.8772,0.8115000000000001,1893-01-01
131,1892,1.0483,1.0608,1892-01-01
132,1891,1.2485,1.1883,1891-01-01
133,1890,0.9262,0.938,1890-01-01
134,1889,1.1362999999999999,1.0703,1889-01-01
135,1888,1.0329000000000002,1.0328,1888-01-01
136,1887,0.9355,0.993,1887-01-01
137,1886,1.1738,1.1192,1886-01-01
138,1885,1.3156999999999999,1.2997999999999998,1885-01-01
139,1884,0.9768000000000001,0.8763,1884-01-01
140,1883,1.0225,0.9447,1883-01-01
141,1882,1.0554000000000001,1.0358,1882-01-01
142,1881,0.9359000000000001,1.0018,1881-01-01
143,1880,1.2904,1.265,1880-01-01
144,1879,1.2590000000000001,1.4929,1879-01-01
145,1878,1.3516,1.1625,1878-01-01
146,1877,1.1178,0.9887999999999999,1877-01-01
147,1876,0.8733,0.8582,1876-01-01
148,1875,1.1084,1.0534999999999999,1875-01-01
149,1874,1.1078000000000001,1.0467,1874-01-01
150,1873,1.0354999999999999,0.9747,1873-01-01
151,1872,1.0863,1.1112,1872-01-01
152,1871,1.1384999999999998,1.1559,1871-01-01
