,year,inflation_adjusted,total
0,2023,1.0432,1.0515
1,2022,0.8217,0.8747
2,2021,0.9734999999999999,1.0421
3,2020,1.1454,1.161
4,2019,1.1357,1.1617
5,2018,0.9640000000000001,0.9823999999999999
6,2017,1.0868,1.1097
7,2016,1.0339,1.0554000000000001
8,2015,0.9623999999999999,0.9693999999999999
9,2014,1.0857999999999999,1.094
10,2013,0.9647,0.9792000000000001
11,2012,1.0459,1.0641
12,2011,1.0792,1.1111
13,2010,1.1225,1.1392
14,2009,1.0499,1.0785
15,2008,1.0077,1.0087000000000002
16,2007,1.0828,1.1269
17,2006,1.0819,1.1094
18,2005,1.0532,1.0891
19,2004,1.0346,1.0683
20,2003,1.1123,1.1332
21,2002,1.0339,1.0585
22,2001,0.9795999999999999,0.9948
23,2000,0.9904000000000001,1.024
24,1999,1.0242,1.0517
25,1998,1.0834000000000001,1.1009
26,1997,1.0539,1.0719
27,1996,1.0170000000000001,1.0508
28,1995,1.1519,1.1811
29,1994,0.9606,0.9863
30,1993,1.09,1.12
31,1992,1.0065,1.0356999999999998
32,1991,1.0839,1.1172
33,1990,0.9529000000000001,1.0110999999999999
34,1989,1.0788,1.129
35,1988,0.9997,1.0439
36,1987,1.0286,1.0742
37,1986,1.1636,1.1764000000000001
38,1985,1.1606,1.2046999999999999
39,1984,0.9834,1.0222
40,1983,0.9968,1.0346
41,1982,1.1872,1.2327
42,1981,0.8690000000000001,0.9466
43,1980,1.0101,1.1365
44,1979,1.2337,1.3977000000000002
45,1978,1.0345,1.1278
46,1977,0.9974,1.0643
47,1976,1.0606,1.1122
48,1975,1.0004,1.0698
49,1974,1.0008,1.1243
50,1973,1.0637999999999999,1.1565
51,1972,1.1492,1.1884000000000001
52,1971,1.0929,1.1286
53,1970,1.022,1.0789
54,1969,0.8815999999999999,0.9362
55,1968,1.0434,1.0927
56,1967,1.0298,1.0611
57,1966,0.9661,0.9995999999999999
58,1965,1.0262,1.0459
59,1964,1.0498,1.06
60,1963,1.0433,1.0605
61,1962,0.9845999999999999,0.9976999999999999
62,1961,1.0579,1.065
63,1960,1.0422,1.0564
64,1959,1.0097,1.0272
65,1958,1.0806,1.0997
66,1957,0.9773999999999999,1.0057
67,1956,0.9841,1.0134999999999998
68,1955,1.0585,1.0624
69,1954,1.1498,1.1412
70,1953,0.9839,0.9913
71,1952,1.0259,1.0337
72,1951,0.9845999999999999,1.0437
73,1950,1.0145,1.0747
74,1949,1.0837999999999999,1.0613
75,1948,0.9822,1.0116
76,1947,0.9520000000000001,1.0361
77,1946,0.8409,0.9934000000000001
78,1945,1.0993000000000002,1.124
79,1944,1.0356999999999998,1.0595
80,1943,1.0521,1.0833
81,1942,0.9634,1.0504
82,1941,0.8962,0.9851000000000001
83,1940,0.9928,0.9998999999999999
84,1939,1.0175,1.0175
85,1938,1.1155,1.0845
86,1937,0.8881,0.9135
87,1936,1.0881999999999998,1.1039
88,1935,1.0952,1.1279
89,1934,1.0414,1.0572
90,1933,1.2763,1.286
91,1932,1.1387,1.0217
92,1931,0.9632999999999999,0.8736
93,1930,1.0214,0.9561
94,1929,0.9859,0.9917
95,1928,1.1154,1.1025
96,1927,1.1416,1.1158
97,1926,1.0697,1.0578
98,1925,1.0533,1.0898
99,1924,1.1018000000000001,1.1018000000000001
100,1923,1.0125,1.0365
101,1922,1.1258,1.0997
102,1921,1.2194,1.0874
103,1920,0.9591,0.9843999999999999
104,1919,0.9301999999999999,1.0655
105,1918,0.8936,1.0763
106,1917,0.8053999999999999,0.9512
107,1916,0.9284,1.0456
108,1915,1.0813,1.1027
109,1914,1.0002,1.0102
110,1913,0.9788,1.0090999999999999
111,1912,0.9652,1.0356999999999998
112,1911,1.0503,1.0286
113,1910,1.0928,1.0095999999999998
114,1909,0.9551000000000001,1.0556
115,1908,1.0998999999999999,1.1365
116,1907,0.9682,0.9476
117,1906,0.9625,1.0158
118,1905,1.07,1.0698999999999999
119,1904,1.0541,1.1035
120,1903,1.0278,0.9712999999999999
121,1902,0.9682,1.0372
122,1901,1.0134,1.064
123,1900,1.1135,1.0728
124,1899,0.8769,1.0246
125,1898,1.081,1.0971000000000002
126,1897,1.0776000000000001,1.0776000000000001
127,1896,1.047,1.0316
128,1895,0.9993000000000001,1.0281
129,1894,1.1086,1.0347
130,1893,1.057,0.9778
131,1892,1.0239,1.0362
132,1891,1.1238,1.0697
133,1890,0.9854,0.9979
134,1889,1.112,1.0473999999999999
135,1888,1.0354999999999999,1.0354
136,1887,0.9521999999999999,1.0107
137,1886,1.1013,1.0501
138,1885,1.1143,1.1008
139,1884,1.1079999999999999,0.9939
140,1883,1.0906,1.0077
141,1882,1.0531,1.0334999999999999
142,1881,0.9616,1.0293999999999999
143,1880,1.1213,1.0992
144,1879,0.9682999999999999,1.1481999999999999
145,1878,1.2333,1.0608
146,1877,1.1453,1.0131000000000001
147,1876,1.0048000000000001,0.9873999999999999
148,1875,1.1176000000000001,1.0622
149,1874,1.1177,1.0561
150,1873,1.0821,1.0185
151,1872,1.0386,1.0624
152,1871,1.0523,1.0683
