,year,inflation_adjusted,total
0,2023,1.0464,1.0548
1,2022,0.7801,0.8305
2,2021,1.0712000000000002,1.1466
3,2020,1.1415,1.157
4,2019,1.1921000000000002,1.2194
5,2018,0.9501000000000001,0.9682999999999999
6,2017,1.1179999999999999,1.1415
7,2016,1.065,1.0871000000000002
8,2015,0.9971,1.0044
9,2014,1.0903,1.0985
10,2013,1.1747,1.1923000000000001
11,2012,1.0923,1.1113
12,2011,1.0076,1.0375
13,2010,1.1127,1.1293
14,2009,1.1564,1.1879
15,2008,0.8048000000000001,0.8056
16,2007,1.0183,1.0598999999999998
17,2006,1.0837,1.1112
18,2005,1.0128,1.0473999999999999
19,2004,1.0592,1.0937000000000001
20,2003,1.1783,1.2004
21,2002,0.8891,0.9102
22,2001,0.9531000000000001,0.9679000000000001
23,2000,0.9499,0.9821
24,1999,1.11,1.1398000000000001
25,1998,1.1553,1.1739
26,1997,1.2033,1.2237
27,1996,1.1034,1.1401000000000001
28,1995,1.2556,1.2874
29,1994,0.9626,0.9884000000000001
30,1993,1.073,1.1025
31,1992,1.0527,1.0832
32,1991,1.218,1.2553
33,1990,0.9407,0.9981
34,1989,1.169,1.2233
35,1988,1.0853,1.1333
36,1987,0.9784,1.0218
37,1986,1.1354,1.1479
38,1985,1.2299,1.2766
39,1984,1.0324,1.0732
40,1983,1.1146,1.1569
41,1982,1.2015,1.2475
42,1981,0.9298000000000001,1.0127
43,1980,1.0758,1.2105
44,1979,1.03,1.1669
45,1978,0.968,1.0553
46,1977,0.9222,0.9840000000000001
47,1976,1.1575,1.2138
48,1975,1.1749,1.2564
49,1974,0.7619,0.8559
50,1973,0.836,0.9087999999999999
51,1972,1.0798,1.1166
52,1971,1.1076000000000001,1.1437
53,1970,1.0398,1.0977
54,1969,0.8756,0.9298000000000001
55,1968,1.0427,1.0918999999999999
56,1967,1.1279,1.1622
57,1966,0.9351999999999999,0.9675
58,1965,1.0675,1.0881
59,1964,1.1033,1.114
60,1963,1.1151,1.1334
61,1962,0.9523999999999999,0.9651000000000001
62,1961,1.1592,1.1669
63,1960,1.0434999999999999,1.0576999999999999
64,1959,1.0517,1.0698999999999999
65,1958,1.2359,1.2576
66,1957,0.9472,0.9747
67,1956,1.0146,1.0448
68,1955,1.1469,1.1512
69,1954,1.3247,1.3148
70,1953,1.0109000000000001,1.0185
71,1952,1.0825,1.0907
72,1951,1.061,1.1247
73,1950,1.1153,1.1815
74,1949,1.1615,1.1374
75,1948,0.9948,1.0246
76,1947,0.9383,1.0212
77,1946,0.8171,0.9652
78,1945,1.2223,1.2498
79,1944,1.1109,1.1365
80,1943,1.1435,1.1773
81,1942,1.0139,1.1055
82,1941,0.8626999999999999,0.9484
83,1940,0.9673,0.9742000000000001
84,1939,1.0264,1.0264
85,1938,1.2218,1.1878
86,1937,0.7762,0.7984
87,1936,1.2025,1.22
88,1935,1.2559,1.2934
89,1934,1.0273999999999999,1.043
90,1933,1.3448,1.3551
91,1932,1.1114,0.9972
92,1931,0.8017,0.727
93,1930,0.9197,0.8609
94,1929,0.9437000000000001,0.9492
95,1928,1.2427,1.2284
96,1927,1.2494,1.2212
97,1926,1.0998999999999999,1.0876000000000001
98,1925,1.1281999999999999,1.1674
99,1924,1.1937,1.1937
100,1923,1.0229000000000001,1.0471
101,1922,1.2246000000000001,1.1963
102,1921,1.2482,1.1131
103,1920,0.8931999999999999,0.9168000000000001
104,1919,0.9836,1.1266
105,1918,0.9359999999999999,1.1274
106,1917,0.7462000000000001,0.8813
107,1916,0.9438,1.0629
108,1915,1.1884000000000001,1.2119
109,1914,0.9834,0.9932
110,1913,0.9573,0.9869
111,1912,0.9775,1.0490000000000002
112,1911,1.0591,1.0372
113,1910,1.0781999999999998,0.9961
114,1909,0.9975,1.1023
115,1908,1.2409999999999999,1.2822
116,1907,0.8719,0.8534
117,1906,0.9537,1.0065
118,1905,1.1301,1.13
119,1904,1.1616,1.216
120,1903,0.9584999999999999,0.9057999999999999
121,1902,0.9832,1.0532
122,1901,1.0703,1.1237000000000001
123,1900,1.1833,1.14
124,1899,0.8731,1.0203
125,1898,1.1764000000000001,1.194
126,1897,1.1452,1.1452
127,1896,1.051,1.0354999999999999
128,1895,1.001,1.0299
129,1894,1.1206,1.0458
130,1893,0.9792000000000001,0.9059
131,1892,1.0326,1.045
132,1891,1.1921000000000002,1.1347
133,1890,0.9556,0.9677
134,1889,1.117,1.0521
135,1888,1.0418,1.0415999999999999
136,1887,0.9437000000000001,1.0017
137,1886,1.1269,1.0745
138,1885,1.2159,1.2012
139,1884,1.0495,0.9415
140,1883,1.0651000000000002,0.9841
141,1882,1.0534000000000001,1.0339
142,1881,0.9481999999999999,1.0151000000000001
143,1880,1.2038,1.1801000000000001
144,1879,1.1027,1.3075
145,1878,1.3061,1.1234
146,1877,1.1394,1.0079
147,1876,0.9601999999999999,0.9436
148,1875,1.1132,1.058
149,1874,1.146,1.0829
150,1873,1.0644,1.0018
151,1872,1.0499,1.074
152,1871,1.0881,1.1046
