,year,inflation_adjusted,total
0,2023,1.0536,1.062
1,2022,0.7681,0.8177
2,2021,1.1226,1.2016
3,2020,1.1677,1.1836
4,2019,1.2348000000000001,1.263
5,2018,0.9401,0.9581000000000001
6,2017,1.1525,1.1768
7,2016,1.0851,1.1077
8,2015,0.9967,1.004
9,2014,1.1036,1.112
10,2013,1.2447,1.2634
11,2012,1.1184,1.1379
12,2011,0.9941,1.0236
13,2010,1.1348,1.1518000000000002
14,2009,1.2056,1.2384
15,2008,0.7172,0.7178999999999999
16,2007,1.0154,1.0568
17,2006,1.1059999999999999,1.1340999999999999
18,2005,1.0204,1.0553
19,2004,1.0756999999999999,1.1108
20,2003,1.2308,1.254
21,2002,0.8329,0.8527
22,2001,0.9148999999999999,0.9290999999999999
23,2000,0.9075,0.9381999999999999
24,1999,1.1579,1.189
25,1998,1.1842,1.2033
26,1997,1.2456,1.2668000000000001
27,1996,1.1371,1.1749
28,1995,1.2899,1.3226
29,1994,0.9675,0.9933
30,1993,1.0748,1.1044
31,1992,1.0565,1.0871000000000002
32,1991,1.2512999999999999,1.2896
33,1990,0.9128999999999999,0.9687
34,1989,1.1965999999999999,1.2522
35,1988,1.1044,1.1532
36,1987,0.9804999999999999,1.024
37,1986,1.1343,1.1468
38,1985,1.2473,1.2947
39,1984,1.0077,1.0475
40,1983,1.1481999999999999,1.1917
41,1982,1.181,1.2262
42,1981,0.9048999999999999,0.9856
43,1980,1.1296000000000002,1.271
44,1979,1.0633,1.2046999999999999
45,1978,0.9814,1.0698999999999999
46,1977,0.9139,0.9752
47,1976,1.1818,1.2393
48,1975,1.2318,1.3173
49,1974,0.7021999999999999,0.7889
50,1973,0.7943000000000001,0.8634999999999999
51,1972,1.1087,1.1464
52,1971,1.1233,1.16
53,1970,1.0162,1.0728
54,1969,0.8602,0.9135
55,1968,1.0627,1.1129
56,1967,1.1821000000000002,1.218
57,1966,0.9087000000000001,0.9401
58,1965,1.094,1.115
59,1964,1.128,1.139
60,1963,1.1535,1.1723999999999999
61,1962,0.9222,0.9345
62,1961,1.2101,1.2182
63,1960,1.0195999999999998,1.0334
64,1959,1.0802,1.0988
65,1958,1.3295,1.3529
66,1957,0.9113,0.9377
67,1956,1.0341,1.065
68,1955,1.1997,1.2042
69,1954,1.4209,1.4103
70,1953,1.005,1.0126
71,1952,1.1051,1.1134
72,1951,1.1001,1.1661
73,1950,1.1728,1.2424
74,1949,1.1933,1.1684999999999999
75,1948,0.9943000000000001,1.0241
76,1947,0.9462,1.0298
77,1946,0.8053,0.9512999999999999
78,1945,1.2871000000000001,1.3159999999999998
79,1944,1.148,1.1743999999999999
80,1943,1.1928999999999998,1.2281
81,1942,1.0422,1.1364
82,1941,0.8403,0.9237000000000001
83,1940,0.9445999999999999,0.9512999999999999
84,1939,1.0249,1.0249
85,1938,1.2711,1.2358
86,1937,0.7048000000000001,0.7249
87,1936,1.26,1.2782
88,1935,1.3381999999999998,1.3781
89,1934,1.0176,1.033
90,1933,1.4524000000000001,1.4635
91,1932,1.0647,0.9553
92,1931,0.7089,0.6428999999999999
93,1930,0.8426,0.7887000000000001
94,1929,0.9128000000000001,0.9181
95,1928,1.3229,1.3075999999999999
96,1927,1.3067000000000002,1.2772
97,1926,1.1135,1.1011
98,1925,1.1719,1.2126000000000001
99,1924,1.232,1.232
100,1923,1.0261,1.0504
101,1922,1.2728,1.2433
102,1921,1.2414,1.107
103,1920,0.8654999999999999,0.8884000000000001
104,1919,1.0139,1.1614
105,1918,0.9586,1.1545
106,1917,0.7175,0.8473999999999999
107,1916,0.9516,1.0717
108,1915,1.2373,1.2618
109,1914,0.9597,0.9693
110,1913,0.9405,0.9695999999999999
111,1912,0.9879000000000001,1.0601
112,1911,1.0578,1.036
113,1910,1.0617,0.9808
114,1909,1.024,1.1316
115,1908,1.2952000000000001,1.3382999999999998
116,1907,0.823,0.8055
117,1906,0.9534999999999999,1.0063
118,1905,1.1712,1.1712
119,1904,1.2118,1.2686
120,1903,0.9177,0.8672
121,1902,0.9967,1.0676999999999999
122,1901,1.1038,1.1588
123,1900,1.2183,1.1738
124,1899,0.8801000000000001,1.0283
125,1898,1.2248,1.2431
126,1897,1.1741,1.1742
127,1896,1.0492,1.0338
128,1895,1.0105,1.0397
129,1894,1.1152,1.0408
130,1893,0.9281999999999999,0.8587
131,1892,1.0405,1.0529000000000002
132,1891,1.2203,1.1615
133,1890,0.9409000000000001,0.9528
134,1889,1.1267,1.0612000000000001
135,1888,1.0373999999999999,1.0372
136,1887,0.9396,0.9973000000000001
137,1886,1.1503999999999999,1.0969
138,1885,1.2658,1.2505
139,1884,1.0131999999999999,0.9089
140,1883,1.0438,0.9643999999999999
141,1882,1.0544,1.0348
142,1881,0.9420000000000001,1.0085
143,1880,1.2471,1.2226000000000001
144,1879,1.1809,1.4002000000000001
145,1878,1.3288,1.143
146,1877,1.1286,0.9984000000000001
147,1876,0.9167000000000001,0.9009
148,1875,1.1108,1.0556999999999999
149,1874,1.1269,1.0648
150,1873,1.0499,0.9882
151,1872,1.0681,1.0926
152,1871,1.1133,1.1301999999999999
